Sun 46.1879044 16.6852699 1.5406428
Moon 65.3259036 26.1442033 2.0368419
Mercury 49.5990744 18.2065587 1.6257357
Venus 71.3383090 22.9954224 2.4409484
Mars 72.5303488 23.0693798 2.4949103
Jupiter 209.1620371 -9.8008741 7.1318072
Saturn 42.6646144 13.6197158 1.5174723
Uranus 185.2075000 -1.3895696 6.6026583
Neptune 239.8942551 -18.4302069 8.0674456
Pluto 174.8952793 16.7748680 6.9992328
Chiron 8.5565087 5.7250246 12.5623013
meanNode 338.6059492 -8.3452298 11.9547272
trueNode 339.4263967 -8.0373029 11.9763619
house1 26.2113193 10.1214429 11.9763619   
house2 59.6625331 20.0837377 11.9763619
house3 83.3850818 23.2801564 11.9763619
house4 104.7575682 22.6282897 11.9763619
house5 128.4793747 18.1478565 11.9763619
house6 160.3311500 7.6960857 11.9763619
house7 206.2113193 -10.1214429 11.9763619
house8 239.6625331 -20.0837377 11.9763619
house9 263.3850818 -23.2801564 11.9763619
house10 284.7575682 -22.6282897 11.9763619
house11 308.4793747 -18.1478565 11.9763619
house12 340.3311500 -7.6960857 11.9763619
Ascendant 26.2113193 10.1214429 11.9763619
MC 284.7575682 -22.6282897 11.9763619
ARMC 286.0200706 -22.4839515 11.9763619
Vertex 191.3520884 -4.4918313 11.9763619

Sun 46.1879044 16.6852699 1.5406428
Moon 65.3259036 26.1442033 2.0368419
Mercury 49.5990744 18.2065587 1.6257357
Venus 71.3383090 22.9954224 2.4409484
Mars 72.5303488 23.0693798 2.4949103
Jupiter 209.1620371 -9.8008741 7.1318072
Saturn 42.6646144 13.6197158 1.5174723
Uranus 185.2075000 -1.3895696 6.6026583
Neptune 239.8942551 -18.4302069 8.0674456
Pluto1 74.8952793 16.7748680 6.9992328    
house1 26.2113193 10.1214429 6.9992328 
house2 59.6625331 20.0837377 6.9992328
house3 83.3850818 23.2801564 6.9992328  
house4 104.7575682 22.6282897 6.9992328
house5 128.4793747 18.1478565 6.9992328
house6 160.3311500 7.6960857 6.9992328
house7 206.2113193 -10.1214429 6.9992328
house8 239.6625331 -20.0837377 6.9992328
house9 263.3850818 -23.2801564 6.9992328
house10 284.7575682 -22.6282897 6.9992328
house11 308.4793747 -18.1478565 6.9992328
house12 340.3311500 -7.6960857 6.9992328  
Ascendant 26.2113193 10.1214429 6.9992328
MC 284.7575682 -22.6282897 6.9992328
ARMC 286.0200706 -22.4839515 6.9992328
Vertex 191.3520884 -4.4918313 6.9992328




Sun 46.1879044 16.6852699 1.5406428
Moon 65.3259036 26.1442033 2.0368419
Mercury 49.5990744 18.2065587 1.6257357
Venus 71.3383090 22.9954224 2.4409484
Mars 72.5303488 23.0693798 2.4949103
Jupiter 209.1620371 -9.8008741 7.1318072
Saturn 42.6646144 13.6197158 1.5174723
Uranus 185.2075000 -1.3895696 6.6026583
Neptune 239.8942551 -18.4302069 8.0674456
Pluto 174.8952793 16.7748680 6.9992328
Chiron 8.5565087 5.7250246 12.5623013
meanNode 338.6059492 -8.3452298 11.9547272
trueNode 339.4263967 -8.0373029 11.9763619
house1 26.2113193 10.1214429 11.9763619
house2 59.6625331 20.0837377 11.9763619
house3 83.3850818 23.2801564 11.9763619
house4 104.7575682 22.6282897 11.9763619
house5 128.4793747 18.1478565 11.9763619
house6 160.3311500 7.6960857 11.9763619
house7 206.2113193 -10.1214429 11.9763619
house8 239.6625331 -20.0837377 11.9763619
house9 263.3850818 -23.2801564 11.9763619
house10 284.7575682 -22.6282897 11.9763619
house11 308.4793747 -18.1478565 11.9763619
house12 340.3311500 -7.6960857 11.9763619
Ascendant 26.2113193 10.1214429 11.9763619
MC 284.7575682 -22.6282897 11.9763619
ARMC 286.0200706 -22.4839515 11.9763619
Vertex 191.3520884 -4.4918313 11.9763619



Sun 46.1879044 16.6852699 1.5406428
Moon 65.3259036 26.1442033 2.0368419
Mercury 49.5990744 18.2065587 1.6257357
Venus 71.3383090 22.9954224 2.4409484
Mars 72.5303488 23.0693798 2.4949103
Jupiter 209.1620371 -9.8008741 7.1318072
Saturn 42.6646144 13.6197158 1.5174723
Uranus 185.2075000 -1.3895696 6.6026583
Neptune 239.8942551 -18.4302069 8.0674456
Pluto 174.8952793 16.7748680 6.9992328
house1 26.2113193 10.1214429 6.9992328
house2 59.6625331 20.0837377 6.9992328
house3 83.3850818 23.2801564 6.9992328
house4 104.7575682 22.6282897 6.9992328
house5 128.4793747 18.1478565 6.9992328
house6 160.3311500 7.6960857 6.9992328
house7 206.2113193 -10.1214429 6.9992328
house8 239.6625331 -20.0837377 6.9992328
house9 263.3850818 -23.2801564 6.9992328
house10 284.7575682 -22.6282897 6.9992328
house11 308.4793747 -18.1478565 6.9992328
house12 340.3311500 -7.6960857 6.9992328
Ascendant 26.2113193 10.1214429 6.9992328
MC 284.7575682 -22.6282897 6.9992328
ARMC 286.0200706 -22.4839515 6.9992328
Vertex 191.3520884 -4.4918313 6.9992328